0.pcd
1
3.548    0.574    0.355
2
3.544    -0.034    0.349
3
3.532    0.585    0.003
4
3.485    -0.019    -0.027
1.pcd
1
3.061    1.606    0.43
2
3.296    1.052    0.417
2.pcd
2
3.266    1.164    0.384
3
3.029    1.718    0.022
4
3.248    1.155    0.009
3.pcd
1
3.562    0.016    0.306
2
3.461    -0.579    0.298
3
3.558    0.023    -0.052
4
3.480    -0.572    -0.071
4.pcd
1
3.559    0.203    0.388
2
3.486    -0.409    0.386
3
3.569    0.207    0.024
4
3.505    -0.396    0.011
5.pcd
1
3.423    -0.425    0.338
2
3.177    -0.981    0.325
3
3.428    -0.419    -0.01
4
3.205    -0.988    -0.041
6.pcd
1
3.425    0.616    0.338
2
3.429    0.002    0.352
3
3.449    0.617    -0.021
4
3.443    0.001    -0.020
7.pcd
1
3.332    0.444    0.356
2
3.244    -0.171    0.332
3
3.352    0.446    -0.018
