0.bmp
1
886.92        420.599
2
1065.64        426.965
3
883.847        524.886
4
1061.9        527.945
1.bmp
1
523.727        383.707
2
732        402
2.bmp
2
697.391        408.422
3
485        517
4
694        519
3.bmp
1
1047.68        434.463
2
1232.62        434.556
3
1050        537
4
1228        539
4.bmp
1
996.01        410.301
2
1177.84        414.223
3
994.756        515.622
4
1173        514
5.bmp
1
1185.73        419.323
2
1383.6        416.788
3
1182.59        526.419
4
1378.55        531.369
6.bmp
1
872.005        421.293
2
1055.43        419.146
3
873.192        531.482
4
1054        526
7.bmp
1
920.573        417.722
2
1117.79        415.413
3
922.615        531.157
